432399943435667898901239985424590135987643210129890123987656989201
631989892123458987892398765312989234998994921234789239876549876542
549876789294567896789987654325678999899989894345678998765432987853
759875678989678965679998865434789789789878789996989419896921098967
998764235678999534578999976765896695698767698789894301989892129978
876542123459789323456789987897965464569654554578789219879799345989
987321012345678914597896798998974323498543212345695398767688956799
865432123459989105989965619689982018987654103456799987654567897898
876543234678993212978954324569872127898763217567978998543489929987
987654345999994339865695936679763236899954328678967987654578934976
898765456789985498784789899798754345698765539989659898765699999865
799876667899876987623698778999878756789886789998946789878967987654
687987878943989876513489657899989867899997899987634799989249876543
566798989432394987325678945989996998979998929876527678990199997652
445699897621023995436789236579765439568999019875434589019989876543
334789765432129876545892123499875323456789125986965678998972987965
225699898543434999956789014789943214567894234599896999987761099878
019789987657956987899892135698755326978965349698789899876543123989
198992198969899876788943238789876999899765498997676799986543237899
987989999899789765897894349994989878789876987876565789297654345679
876877898798698654656976567893498765678989876545434599109769456798
765656799676598743245897989992987654568999765434323478919898979899